NU: 2448
NV: 2048
fx: 2489.7675309712
fy: 2491.97465755424
c0U: 1274.80079178084
c0V: 1070.76475682497
d1: -0.176453397004305
d2: 0.072283126283243
d3: 0.105991004054627
t1: 0.002224202095617
t2: 0.002842123733732
#NU - number of pixel columns
#NV - number of pixel rows
#fx - x component of the focal length (pixels)
#fy - y component of the focal length (pixels)
#c0U - first component of the principal point
#c0V - second component of the principal point
#d1 - first radial distortion coefficient
#d2 - second radial distortion coefficient
#d3 - third radial distortion coefficient
#t1 - first tangential distortion coefficient
#t2 - second tangential distortion coefficient
